===========
[[ 1  0 -4]
 [ 0  1  4]]
[[-4  4 -1]]
81/80
0.9480476999315531
===========
[[ 1  0 15]
 [ 0  1 -8]]
[[-15   8   1]]
32805/32768
1.2760579387400364
===========
[[1 1 2]
 [0 2 1]]
[[-3 -1  2]]
25/24
1.4989800920177976
===========
[[1 0 1]
 [0 6 5]]
[[-6 -5  6]]
15625/15552
1.5250957459484353
===========
[[3 0 7]
 [0 1 0]]
[[ 7  0 -3]]
128/125
1.5722557447994774
===========
[[ 2  0 11]
 [ 0  1 -2]]
[[11 -4 -2]]
2048/2025
1.5969275229886588
===========
[[ 1  0  4]
 [ 0  1 -1]]
[[ 4 -1 -1]]
16/15
1.809750470263708
===========
[[1 2 3]
 [0 3 5]]
[[ 1 -5  3]]
250/243
1.9510969938018117
===========
[[1 6 8]
 [0 7 9]]
[[ 2  9 -7]]
78732/78125
2.0569455904052343
===========
[[ 1  3  6]
 [ 0  5 13]]
[[  9 -13   5]]
1600000/1594323
2.060493135066227
===========
[[1 0 2]
 [0 5 1]]
[[-10  -1   5]]
3125/3072
2.1445427383514106
===========
[[ 1  0 -1]
 [ 0  1  2]]
[[ 1 -2  1]]
10/9
2.23604021478565
===========
[[1 7 3]
 [0 8 1]]
[[17  1 -8]]
393216/390625
2.274406104913777
===========
[[2 3 0]
 [0 0 1]]
[[-3  2  0]]
9/8
2.2791000173077456
===========
[[ 1  0  3]
 [ 0  7 -3]]
[[-21   3   7]]
2109375/2097152
2.441038308250492
===========
[[1 1 1]
 [0 4 9]]
[[ 5 -9  4]]
20000/19683
2.4538427643655107
===========
[[1 0 0]
 [0 2 3]]
[[ 0  3 -2]]
27/25
2.4895949353861333
===========
[[ 1  0  7]
 [ 0  1 -3]]
[[-7  3  1]]
135/128
2.7108367174232515
===========
[[4 0 3]
 [0 1 1]]
[[ 3  4 -4]]
648/625
2.741229686736672
===========
[[1 0 1]
 [0 1 1]]
[[ 1  1 -1]]
6/5
2.830344058337939
===========
[[12 19  0]
 [ 0  0  1]]
[[-19  12   0]]
531441/524288
2.9267006403865956
===========
[[5 8 0]
 [0 0 1]]
[[ 8 -5  0]]
256/243
2.9508123882208084
===========
[[ 1  5  6]
 [ 0 13 14]]
[[  8  14 -13]]
1224440064/1220703125
3.00240251693847
===========
[[1 1 0]
 [0 0 1]]
[[-1  1  0]]
3/2
3.0248125036057805
===========
[[1 2 0]
 [0 0 1]]
[[ 2 -1  0]]
4/3
3.0452624949519076
===========
[[2 4 5]
 [0 7 3]]
[[ 23   6 -14]]
6115295232/6103515625
3.052744571118389
===========
[[1 0 2]
 [0 1 0]]
[[-2  0  1]]
5/4
3.07735285398626
===========
[[ 1  0 -6]
 [ 0  4 21]]
[[ 24 -21   4]]
10485760000/10460353203
3.078482237077652
===========
[[ 1  4  2]
 [ 0 15 -2]]
[[ 38  -2 -15]]
274877906944/274658203125
3.3211113138195425
===========
[[ 1  5 12]
 [ 0  6 17]]
[[-13  17  -6]]
129140163/128000000
3.5089518940960964
===========
[[ 1  2  2]
 [ 0  4 -3]]
[[-14   3   4]]
16875/16384
3.5681932576362665
===========
[[ 3  0 26]
 [ 0  1 -4]]
[[ 26 -12  -3]]
67108864/66430125
3.570567788456131
===========
[[9 1 1]
 [0 2 3]]
[[  1 -27  18]]
7629394531250/7625597484987
3.5842466107253435
===========
[[ 1  2  2]
 [ 0  9 -7]]
[[32 -7 -9]]
4294967296/4271484375
3.6282533255340454
===========
[[ 2  5  8]
 [ 0  6 11]]
[[ -7  22 -12]]
31381059609/31250000000
3.6453028103924967
===========
[[ 1  2  3]
 [ 0 11 18]]
[[  3 -18  11]]
390625000/387420489
3.6666635397199303
===========
[[  1   0 -13]
 [  0   3  29]]
[[ 39 -29   3]]
68719476736000/68630377364883
3.936917474741263
===========
[[19  0 14]
 [ 0  1  1]]
[[-14 -19  19]]
19073486328125/19042491875328
4.022332048424323
===========
[[ 1  2  3]
 [ 0  8 13]]
[[-2 13 -8]]
1594323/1562500
4.07428327291877
===========
[[1 1 2]
 [0 9 5]]
[[13  5 -9]]
1990656/1953125
4.08152986727867
===========
[[  1   0 -12]
 [  0   1   9]]
[[12 -9  1]]
20480/19683
4.32687295022962
===========
[[  1   4  -1]
 [  0   8 -11]]
[[-36  11   8]]
69198046875/68719476736
4.351778719584329
===========
[[ 1  1 -1]
 [ 0  3 17]]
[[ 20 -17   3]]
131072000/129140163
4.390707874658161
===========
[[ 1  6  3]
 [ 0 13  2]]
[[-27  -2  13]]
1220703125/1207959552
4.392529011674694
===========
[[ 2  1  6]
 [ 0  8 -5]]
[[-53  10  16]]
9010162353515625/9007199254740992
4.422497488420056
===========
[[ 1  1  2]
 [ 0 20 11]]
[[-29 -11  20]]
95367431640625/95105071448064
4.579108454573941
===========
[[1 2 3]
 [0 5 8]]
[[-1  8 -5]]
6561/6250
4.593036097954346
===========
[[  1   0 -27]
 [  0   2  37]]
[[ 54 -37   2]]
450359962737049600/450283905890997363
4.635798848056857
===========
[[ 1 16 32]
 [ 0 17 35]]
[[-16  35 -17]]
50031545098999707/50000000000000000
4.642000498478327
===========
[[ 1  1  3]
 [ 0  6 -7]]
[[-25   7   6]]
34171875/33554432
4.676913511598918
===========
[[2 2 3]
 [0 5 7]]
[[ -1 -14  10]]
9765625/9565938
4.6817582450789725
===========
[[ 1  0 -8]
 [ 0  2 13]]
[[ 16 -13   2]]
1638400/1594323
4.80683811237547
===========
[[ 7 11  0]
 [ 0  0  1]]
[[-11   7   0]]
2187/2048
4.933712717067979
===========
[[ 5  1 22]
 [ 0  2 -3]]
[[ 47 -15 -10]]
140737488355328/140126044921875
4.9672111184078345